0 0.083636 0.103825 0.160000 0.196721
0 0.256364 0.090164 0.185455 0.169399
0 0.467273 0.087432 0.214545 0.163934
0 0.660000 0.087432 0.185455 0.163934
0 0.885455 0.060109 0.192727 0.109290
0 0.043636 0.300546 0.080000 0.174863
0 0.156364 0.297814 0.181818 0.169399
0 0.285455 0.297814 0.149091 0.180328
0 0.440000 0.286885 0.196364 0.202186
0 0.594545 0.281421 0.178182 0.169399
0 0.778182 0.270492 0.210909 0.202186
0 0.918182 0.229508 0.163636 0.196721
0 0.100000 0.464481 0.192727 0.174863
0 0.252727 0.464481 0.221818 0.196721
0 0.412727 0.464481 0.221818 0.196721
0 0.543636 0.461749 0.192727 0.180328
0 0.707273 0.456284 0.221818 0.180328
0 0.878182 0.450820 0.243636 0.213115
0 0.069091 0.688525 0.130909 0.196721
0 0.229091 0.691257 0.218182 0.202186
0 0.400000 0.693989 0.189091 0.196721
0 0.609091 0.699454 0.243636 0.185792
0 0.840000 0.688525 0.283636 0.163934
0 0.101818 0.885246 0.196364 0.207650
0 0.272727 0.890710 0.181818 0.196721
0 0.440000 0.898907 0.210909 0.202186
0 0.638182 0.898907 0.207273 0.202186
0 0.854545 0.898907 0.232727 0.202186
